100  4  10.000000  1.000000  100  17.000000
-0.498749 0.063585 0.099197 -0.012647
-0.306696 0.308740 0.070475 -0.070945
0.085009 -0.020127 -0.097310 0.023039
-0.149709 0.395962 0.035365 -0.093538
0.322840 0.246605 -0.079468 -0.060703
-0.325892 0.358943 0.067220 -0.074037
0.210501 0.013535 -0.099794 -0.006417
-0.196005 -0.485015 0.037468 0.092715
-0.408597 -0.135548 0.094914 0.031487
-0.352687 -0.334101 0.072598 0.068772
0.488525 -0.054308 -0.099388 0.011049
-0.380917 -0.495331 0.060960 0.079271
-0.491089 -0.122120 0.097045 0.024132
0.031663 0.071184 -0.040641 -0.091369
0.101764 0.107166 -0.068859 -0.072515
-0.333766 0.163045 0.089852 -0.043893
-0.049211 -0.147877 0.031576 0.094884
-0.442961 0.107685 0.097170 -0.023622
0.283319 0.302606 -0.068346 -0.072999
0.019883 -0.198050 -0.009989 0.099500
0.375973 0.226676 -0.085639 -0.051632
0.455901 0.425718 -0.073089 -0.068250
0.039354 -0.357662 -0.010937 0.099400
-0.037919 -0.264672 0.014182 0.098989
0.362239 -0.290399 -0.078023 0.062549
0.279656 100.343651 -0.063119 -0.077563
0.496796 100.499695 -0.070505 -0.070916
0.111499 99.892441 -0.071971 0.069428
-0.233787 99.797279 0.075552 0.065512
0.340144 99.523743 -0.058119 0.081377
-0.124134 99.592621 0.029148 0.095658
0.177206 99.556213 -0.037083 0.092870
-0.491211 100.418793 0.076097 -0.064878
-0.224113 99.772896 0.070240 0.071178
0.087909 100.191185 -0.041776 -0.090856
0.337611 100.226494 -0.083043 -0.055712
-0.015061 99.705360 0.005105 0.099870
0.243736 99.968460 -0.099173 0.012833
-0.042039 100.449158 0.009319 -0.099565
0.244438 99.608276 -0.052939 0.084838
0.099048 99.885239 -0.065338 0.075703
0.235008 100.108963 -0.090723 -0.042064
0.072405 99.861336 -0.046286 0.088643
-0.348445 99.725105 0.078509 0.061938
-0.074847 100.302879 0.023990 -0.097080
0.017106 100.489990 -0.003489 -0.099939
0.251549 99.845558 -0.085220 0.052322
-0.331019 100.157310 0.090320 -0.042923
-0.008103 99.563538 0.001856 0.099983
0.199759 100.004807 -0.099971 -0.002405
99.647499 100.449585 0.061702 -0.078695
99.641579 100.405121 0.066262 -0.074896
100.192894 99.803047 -0.069971 0.071443
99.926559 99.570374 0.016850 0.098570
100.466614 100.183189 -0.093084 -0.036544
99.653236 100.377258 0.067672 -0.073624
100.321678 100.082047 -0.096898 -0.024715
99.691353 99.677895 0.069186 0.072203
100.317192 99.975266 -0.099697 0.007774
99.655556 100.003922 0.099994 -0.001138
100.232018 99.905594 -0.092626 0.037689
99.779579 100.068741 0.095465 -0.029772
100.182243 100.255852 -0.058017 -0.081450
100.221916 99.975296 -0.099386 0.011064
99.623016 99.867805 0.094366 0.033091
100.334679 99.535095 -0.058424 0.081158
100.017014 100.162987 -0.010382 -0.099460
99.926224 99.604675 0.018345 0.098303
100.449341 100.421387 -0.072943 -0.068405
100.049545 99.845985 -0.030624 0.095196
99.971725 99.874977 0.022058 0.097537
100.346977 99.816872 -0.088438 0.046676
99.956100 99.771889 0.018898 0.098198
100.482971 99.797798 -0.092242 0.038618
100.239189 100.067276 -0.096265 -0.027076
99.695992 200.261322 0.075834 -0.065186
100.339439 199.897659 -0.095743 0.028866
100.000900 200.390167 -0.000231 -0.100000
99.527466 200.494629 0.069077 -0.072307
100.072586 199.550507 -0.015942 0.098721
100.031326 199.694061 -0.010186 0.099480
100.343040 200.126755 -0.093801 -0.034660
100.157616 199.697845 -0.046250 0.088662
100.342155 199.623322 -0.067237 0.074021
99.609924 200.243118 0.084866 -0.052894
99.814064 200.441071 0.038845 -0.092147
99.786079 199.836319 0.079419 0.060767
99.640266 200.233078 0.083924 -0.054376
100.334618 200.207993 -0.084930 -0.052791
100.100235 200.247208 -0.037576 -0.092672
99.752724 199.644470 0.057099 0.082096
99.501617 199.561005 0.075040 0.066098
100.306236 200.352631 -0.065569 -0.075503
99.710579 199.615601 0.060149 0.079888
100.053207 199.514252 -0.010889 0.099405
99.613770 199.954514 0.099314 0.011696
100.252220 200.186142 -0.080461 -0.059381
100.043442 199.573883 -0.010142 0.099484
99.936722 199.701935 0.020767 0.097820
100.196220 199.790359 -0.068335 0.073009
